   5.1392
  15.4170
   5.6168
   2.4129
   1.6805
   5.6923
   1.1887
   0.8780
   0.7883
   2.3925
   0.4598
   0.4439
   0.4146
   0.3862
   0.3607
   0.3381
   0.3183
   0.3007
   0.2850
   0.2711
   0.2585
   0.2472
   0.2370
   0.2278
   0.2193
   0.2116
   0.2045
   0.1980
   0.1920
   0.1865
   0.1813
   0.1766
   0.1722
   0.1681
   0.1643
   0.1608
   0.1575
   0.1544
   0.1516
   0.1489
   0.1464
   0.1441
   0.1419
   0.1399
   0.1380
   0.1363
   0.1346
   0.1331
   0.1317
   0.1304
   0.1293
   0.1282
   0.1272
   0.1263
   0.1255
   0.1247
   0.1241
   0.1235
   0.1230
   0.1226
   0.1223
   0.1220
   0.1218
   0.1217
   0.1217
   0.1217
   0.1218
   0.1220
   0.1223
   0.1226
   0.1230
   0.1235
   0.1241
   0.1247
   0.1255
   0.1263
   0.1272
   0.1282
   0.1293
   0.1304
   0.1317
   0.1331
   0.1346
   0.1363
   0.1380
   0.1399
   0.1419
   0.1441
   0.1464
   0.1489
   0.1516
   0.1544
   0.1575
   0.1608
   0.1643
   0.1681
   0.1722
   0.1766
   0.1813
   0.1865
   0.1920
   0.1980
   0.2045
   0.2116
   0.2193
   0.2278
   0.2370
   0.2472
   0.2585
   0.2711
   0.2850
   0.3007
   0.3183
   0.3381
   0.3607
   0.3862
   0.4146
   0.4439
   0.4598
   2.3925
   0.7883
   0.8780
   1.1887
   5.6923
   1.6805
   2.4129
   5.6168
  15.4170
